.Random.seed <-
c(403L, 10L, -2015783090L, 1468923321L, -884695093L, -160934790L, 
-442972804L, 1134943679L, 769006229L, 412928172L, -1635741054L, 
1134697053L, 1144245591L, 173060158L, -2092759944L, 1555009371L, 
1513405113L, 1782699784L, 475458998L, -404425999L, 1513682211L, 
-369774734L, -852378172L, 1514440071L, 41174877L, -1270920876L, 
-653112454L, -1994364219L, 965327903L, 1952418726L, 1210944816L, 
543502291L, 612146673L, -1879184608L, 653804990L, 1248935369L, 
1785209211L, 1210378058L, -1905313876L, -185794897L, 341572709L, 
1146432540L, 1422738034L, 2049111277L, 1241050407L, -161146546L, 
21428648L, 1703230891L, 922605257L, -244019496L, -1828301946L, 
-112130463L, -1025163277L, -1520356766L, -1969584940L, -22092329L, 
938872781L, 2011745124L, -580251830L, 1696700085L, 518557199L, 
587292438L, 999229888L, -1296885373L, 602677153L, -1850880112L, 
-2010303378L, 82199065L, -1696986453L, 1334595226L, 940657244L, 
1915705183L, -127211211L, -1377515316L, -2053688798L, -817025923L, 
-727853705L, -1170859362L, 1800550744L, 1110966459L, -622051751L, 
-504164888L, -1178740714L, 1517544337L, 824986691L, -499047598L, 
854632420L, -2143267289L, -1592185219L, -1855451276L, -970726566L, 
-792783451L, 87757247L, -476423610L, 167934160L, 805999347L, 
1106035729L, 1112003136L, -2124790242L, 1772359913L, 1218261531L, 
358994474L, 896316748L, 1260656399L, -727147963L, -1767339012L, 
1134793298L, 235565005L, 1885661575L, -1261478802L, -1488985016L, 
2122137163L, -268848215L, -15926536L, 502484518L, 1423419201L, 
-123507501L, -771624830L, 124079796L, -511088073L, -1157631699L, 
-1952923068L, -320446614L, 1684909013L, -560910993L, -184821642L, 
2085188512L, 2057315427L, -231132927L, 264043632L, 923056142L, 
1397770361L, 997378059L, 344271162L, 77576252L, -1009913985L, 
-1069488939L, -270059284L, -800099774L, 1211061661L, -1368305641L, 
2085078398L, 1131141944L, -100654053L, 493944185L, -2029417528L, 
522557430L, 1629207089L, -2084688797L, 896898098L, 1971171716L, 
1821603783L, -2092991843L, 299354644L, -2097141574L, -265161467L, 
-1368170785L, -1973361818L, -317127952L, 1784062483L, 2086144945L, 
1126839904L, -542903298L, 5630857L, -409404229L, -524650358L, 
240462700L, 1800949999L, 1556282149L, 1545496028L, 299172786L, 
1828252333L, 38388327L, 2144919950L, 1055565416L, 1213534827L, 
-1925944311L, -706833768L, 1469851078L, 1245865249L, -2098068045L, 
1297977634L, 1098443540L, 351081367L, 1002216333L, -239245660L, 
1797949578L, 414707445L, -451350193L, -193642922L, -983784192L, 
-637599677L, -1215679519L, -1360164016L, -396960338L, -1302842535L, 
-2098464405L, -1793842982L, -443725412L, -1137060449L, 273590261L, 
593700492L, -1630284958L, 457014077L, -1221497929L, 1002643550L, 
1129315736L, 809511163L, 652457113L, 7836968L, -992250922L, 1691117649L, 
-1645532413L, -831362414L, 29423652L, 957581031L, -1998881987L, 
-1353161804L, 138817562L, -1083452571L, 234286591L, 1420583046L, 
692300816L, 370658995L, -2050581167L, 1707422976L, 335765470L, 
376757289L, 1917959131L, -395489972L, -228335364L, -496975118L, 
1198747392L, -990151052L, -758562808L, 372847034L, -814641200L, 
-1914795540L, -8116332L, 884232914L, -866025888L, -1447336628L, 
-1565637344L, 1648536194L, -154035736L, 1660600300L, 1013630524L, 
1145554546L, 607464304L, -1896961756L, -2116083144L, 1563318682L, 
1622555088L, -250255940L, 164518036L, 223343746L, -1337842240L, 
857672508L, -2027787120L, 1300044578L, 638711304L, 1460937996L, 
-929172068L, 49688082L, -839910528L, -1427352812L, 1676194088L, 
2095285306L, -278287408L, 90364524L, -1889660364L, 511007378L, 
1776870752L, 1272879436L, -447174688L, 462222754L, 1840051624L, 
-583215476L, 49397180L, -691581326L, 1823536112L, -1330336188L, 
1041707096L, 1299560506L, -316104592L, -1951999940L, -1136221932L, 
1413997250L, -641440032L, 523794556L, 47396560L, 998406562L, 
423471144L, -1181676788L, -1078572612L, -1529359566L, -398853440L, 
588098612L, -1088934200L, -2046839622L, 1996969616L, -2036113684L, 
822741588L, -2000604526L, 1966078240L, 1261371852L, -2088148256L, 
-1779502910L, 10742824L, -1840588884L, -1826268484L, 451775474L, 
306738736L, 1713225636L, 1025461688L, -666908838L, 1866862736L, 
-2043135108L, 299606292L, 169654594L, 1975959808L, 1916095932L, 
-296066736L, 561715490L, -1236936120L, -729141236L, -212609444L, 
1784842706L, -1284049408L, 837875028L, -229364504L, -1099349766L, 
1128720080L, 1874529068L, -93964L, 40229266L, 666795360L, -961737716L, 
-1480131360L, -250699166L, 1334822056L, 1954462796L, -474245252L, 
-1186309838L, 1582617200L, 702714692L, 1065366488L, -462404742L, 
1709656112L, -540643396L, -109911468L, -1498689470L, 1857449632L, 
1507107516L, -676181040L, -2072978078L, -1339941144L, 768720076L, 
-1731440132L, 764247538L, -1854487424L, 317901300L, 754326152L, 
-956757190L, 854379856L, -154702740L, -208575084L, -540590L, 
-1961525792L, 2075047116L, 1337368224L, 1483280770L, 1304934632L, 
831437548L, -2057018052L, -90533774L, -260746640L, 1645726244L, 
-1850222536L, -684365542L, -1438055216L, -1778005700L, 714482580L, 
-276416638L, 575949760L, -1077000644L, -1158520432L, 1208522786L, 
-1783290616L, -1932126068L, -1534521572L, -1207880558L, 483038592L, 
900288532L, -1531242712L, 1364944442L, -1962233392L, 863762796L, 
-699763788L, 1001441810L, -56694816L, 971663820L, -1534576416L, 
-2113729502L, 1404244776L, 795253260L, -820509892L, -1192075278L, 
-984894736L, 393747012L, -1850216872L, 324966202L, 1825943536L, 
198337212L, -1261365996L, -1954931518L, 900263008L, -1634519684L, 
553603024L, -1392647902L, 277845672L, -2146830452L, 2016081084L, 
-1968043214L, 2142373440L, -1288170316L, 657441864L, 1911702970L, 
-2073712112L, -127206164L, -612990636L, -950668526L, -1774711392L, 
545192652L, -1681999264L, 402186178L, -71519448L, -1728849492L, 
-92902084L, -287097998L, 1103183152L, 1735903012L, -303348424L, 
-625416486L, 283246480L, 1617132284L, 1945357204L, 142173250L, 
-1979173632L, 993073212L, -1036780208L, -1756547934L, -1482233016L, 
1279237900L, -1338016036L, 1352503122L, 1105197862L, -1939343836L, 
1311715541L, 203214975L, 155649304L, -1675887562L, -1044618557L, 
-257634555L, 640844450L, -439996272L, -1800978375L, -1997311765L, 
311321052L, -1555126262L, -1592191233L, -300529847L, -1492222754L, 
127115916L, -1999772067L, 1341123687L, 377651600L, -1872223826L, 
-1166764965L, 1966146621L, 1900235434L, 2002974536L, -246039695L, 
-702923549L, -320711708L, -1332165870L, -1633710361L, 544045233L, 
-1649788170L, -1211540204L, -266386907L, -1257124049L, 856223976L, 
785322438L, -918634381L, -700536107L, -1965786958L, -532550528L, 
-1673531287L, 546286811L, -1023827924L, -862511046L, -831807761L, 
140980601L, 1707630094L, 2093146076L, 38492237L, 1512274871L, 
334144832L, 617423902L, -1282227477L, -1619088787L, 623442650L, 
-1573969256L, -1258872575L, -1871886669L, -178859564L, 861389026L, 
-56526473L, 164276417L, 22623302L, -1582998652L, 1656032565L, 
-1769096417L, -1516958088L, -1761873066L, 664828387L, 83005349L, 
783306306L, 1807529008L, 1001130073L, 273212875L, -1630362052L, 
-1440147350L, 2057527967L, 440151849L, 982864830L, -1728814420L, 
-1919447043L, 1267832647L, -1703503824L, 1805988174L, 697563515L, 
423755485L, 116406026L, 877563432L, -2012424559L, 546078339L, 
-215613564L, -400689742L, -2035279097L, -1820176047L, 544286934L, 
-520583756L, -1271479867L, -1515515633L, -1820029048L, -1318625626L, 
943689299L, 1341861813L, -701833966L, -200489248L, -286483639L, 
1139012987L, 2035277900L, -885442086L, 1661531087L, 843062681L, 
-874551890L, -1702530372L, 243946285L, 1017970903L, -1265825504L, 
285478526L, 164902987L, 625975885L, 1130872954L, -949399368L, 
680731233L, 650024979L, -625232332L, -1692614590L, 1293303895L, 
-564644959L, -1380780954L, -1757070236L, -307185771L, -1330519873L, 
-965459880L, 565462134L, 67587203L, 341187781L, 1042069986L, 
-735076272L, 795615609L, -1291585877L, -1194500580L, 976222538L, 
-546784961L, 1445969801L, -2146902114L, -1785983412L, 1620088861L, 
